p1=155.78793022256582;70.57677113303927;-109.00638174912956|135.13864;53.399937
p2=156.01584586231132;70.57677113303927;-117.47244801524808|42.888626;48.89992
p3=145.3820191510017;70.57677113303927;-118.22105558530262|-40.96135;51.149933
p4=147.73021677087098;70.57677113303927;-106.89055985087617|-148.06133;49.499912
p5=155.85911742914087;72.8064464744448;-109.33324439266093|-224.56116;55.199898
p6=155.53071419201564;72.8064464744448;-119.54204563269775|-321.01086;52.199917
p7=142.38607049042722;74.67311728200765;-118.41120634867869|-419.41052;48.449924
p8=144.03456100751188;79.54035460038385;-104.55878614639222|-504.31052;53.099926
p9=144.03456100751188;79.54035460038385;-104.5638535992266|-504.31052;53.099926
traj=SPLINE
cp=p2;p3;p4;p5;p6;p7;p8;p9
start=p1
time=30
speed=0.0
orient=ORIENTS
